-0.97265625
0.12109375
0.091796875
-0.98095703125
0.12353515625
0.0830078125
-0.97119140625
0.12109375
0.09765625
-0.9814453125
0.13525390625
0.09375
-0.97607421875
0.1259765625
0.09130859375
-0.97412109375
0.12939453125
0.09326171875
-0.9677734375
0.13037109375
0.0927734375
-0.97412109375
0.1318359375
0.08154296875
-0.990234375
0.12939453125
0.0908203125
-0.98779296875
0.14013671875
0.0888671875
-0.966796875
0.125
0.09228515625
-0.97802734375
0.1357421875
0.08837890625
-0.970703125
0.11328125
0.0947265625
-0.98486328125
0.13232421875
0.07763671875
-0.96826171875
0.1220703125
0.091796875
-0.97412109375
0.13671875
0.087890625
-0.978515625
0.12548828125
0.0791015625
-0.98583984375
0.13232421875
0.08251953125
-0.982421875
0.11865234375
0.083984375
-0.97705078125
0.1240234375
0.09423828125
-0.9775390625
0.12890625
0.0869140625
-0.978515625
0.126953125
0.0849609375
-0.97900390625
0.12939453125
0.09765625
-0.9775390625
0.123046875
0.08642578125
-0.98583984375
0.1142578125
0.08447265625
-0.986328125
0.134765625
0.08349609375
-0.97900390625
0.12353515625
0.0869140625
-0.97119140625
0.130859375
0.08544921875
-0.97119140625
0.12939453125
0.09716796875
-0.97509765625
0.11767578125
0.08447265625
-0.9755859375
0.12890625
0.08544921875
-0.9765625
0.1171875
0.091796875
-0.9755859375
0.12646484375
0.09228515625
-0.970703125
0.11865234375
0.09326171875
-0.97119140625
0.1259765625
0.0830078125
-0.978515625
0.13330078125
0.08203125
-0.98876953125
0.12646484375
0.09375
-0.9873046875
0.12744140625
0.07373046875
-0.970703125
0.11767578125
0.0947265625
-0.9873046875
0.13037109375
0.07958984375
-0.98876953125
0.1259765625
0.07958984375
-0.9736328125
0.13134765625
0.08349609375
-0.9619140625
0.111328125
0.07958984375
-0.97021484375
0.1181640625
0.08056640625
-0.98974609375
0.12890625
0.0791015625
-0.96142578125
0.1220703125
0.0947265625
-0.9697265625
0.11865234375
0.09423828125
-0.9765625
0.12451171875
0.09326171875
-0.99169921875
0.12451171875
0.08837890625
-0.9794921875
0.11376953125
0.08984375
-0.9755859375
0.1328125
0.07568359375
-0.984375
0.12890625
0.0859375
-0.9775390625
0.115234375
0.09228515625
-0.97705078125
0.12744140625
0.0859375
-0.96533203125
0.11767578125
0.083984375
-0.9833984375
0.125
0.09326171875
-0.9697265625
0.119140625
0.078125
-0.98095703125
0.11962890625
0.09228515625
-0.96826171875
0.1083984375
0.08837890625
-0.97705078125
0.12255859375
0.07666015625
-0.98388671875
0.12255859375
0.08154296875
-0.990234375
0.11328125
0.08349609375
-0.9755859375
0.10888671875
0.0986328125
-0.9736328125
0.126953125
0.08154296875
-0.974609375
0.1357421875
0.0859375
-0.97802734375
0.13134765625
0.09326171875
-0.9658203125
0.1181640625
0.0986328125
-0.96533203125
0.1201171875
0.09326171875
-0.974609375
0.12744140625
0.09375
-0.96044921875
0.12158203125
0.09228515625
-0.96435546875
0.119140625
0.08935546875
-0.9716796875
0.12109375
0.09423828125
-0.982421875
0.1259765625
0.09619140625
-0.97412109375
0.11962890625
0.0859375
-0.98291015625
0.1240234375
0.07958984375
-0.9609375
0.12939453125
0.091796875
-0.9794921875
0.1220703125
0.08349609375
-0.97705078125
0.10595703125
0.07373046875
-0.9775390625
0.115234375
0.0859375
-0.9638671875
0.12890625
0.08837890625
-0.970703125
0.123046875
0.0859375
-0.9580078125
0.11962890625
0.08203125
-0.96533203125
0.1240234375
0.08447265625
-0.9716796875
0.12646484375
0.08203125
-0.98486328125
0.1337890625
0.0859375
-0.96337890625
0.11767578125
0.091796875
-0.98095703125
0.1298828125
0.0810546875
-0.97314453125
0.1337890625
0.0810546875
-0.9716796875
0.12548828125
0.0947265625
-0.97705078125
0.13818359375
0.09375
-0.9775390625
0.126953125
0.08837890625
-0.95556640625
0.123046875
0.07861328125
-0.9599609375
0.12109375
0.08837890625
-0.984375
0.12841796875
0.0908203125
-0.98583984375
0.12841796875
0.076171875
-0.970703125
0.1279296875
0.08837890625
-0.97021484375
0.1337890625
0.08349609375
-0.97509765625
0.12841796875
0.09033203125
-0.98486328125
0.12548828125
0.0927734375
-0.97607421875
0.123046875
0.0869140625
